
7, 71, 8, 2833, 284, 29, 81087, 818979, 2289947182, 228994719, 
640292133796, 64029213380, 6402921338, 2267274445786, 226727444579, 
633952607787342, 63395260778735, 6339526077874, 633952607788, 
224482618417731, 22448261841774, 2244826184178, 794892951817430, 
79489295181743, 7948929518175, 794892951818, 281471594238754, 
28147159423876, 2814715942388, 996690915199591, 99669091519960, 
9966909151996, 996690915200, 99669091520, 9966909152, 996690916, 
99669092, 9966910, 996691, 99670, 9967, 100667, 1016737, 10269044, 
1026905, 102691, 10270, 1027, 10373, 1038, 367556
...
1003025474419754478638185710400192166750825849186447354922016612880701
8707950148658986921554470024558500101506148356800368120750169184704249
7140706440237561328777700925805297304270783833905426980083234187780674
2933246344563462025170744312689942787737576540237734532960928484886880
9845559915026046447428678339181293825143545377686004728144646829957455
84164113316372316438

3551713204920350608857815600527080462464674331969210083778860826210565
3244851476401472689224378356961648859433271331430103515576349083037748
2375241504881204665201838978276557754422845555859116936474732258931367
6726625306099219031129605611235087411378758528981817981214647764984445
5663127659107230470344949999040961434833294182386142742360194424879351
1352512525327437250696

3551713204920350608857815600527080462464674331969210083778860826210565
3244851476401472689224378356961648859433271331430103515576349083037748
2375241504881204665201838978276557754422845555859116936474732258931367
6726625306099219031129605611235087411378758528981817981214647764984445
5663127659107230470344949999040961434833294182386142742360194424879351
135251252532743725070

...

1040105412425588082646, 104010541242558808265, 10401054124255880827, 
105050646654984396353, 10505064665498439636, 1050506466549843964, 
105050646654984397, 1061011531215342410, 106101153121534241, 
10610115312153425, 1061011531215343, 106101153121535, 10610115312154, 
1061011531216, 106101153122, 10610115313, 1061011532, 106101154, 
10610116, 1061012, 106102, 10611, 1062, 107, 1081, 109, 304775, 
30478, 10792260, 1079226, 107923, 10793, 1080, 108, 38243, 3825, 383, 
39, 109048, 38613897, 390000360, 39000036, 3900004, 390001, 39001, 
3901, 391, 40, 4, 1
