1 1
2 2
3 3
3 4
3 5
4 6
4 7
5 8
6 9
7 9
0 10
8 11
9 12
0 13
10 14
11 15
12 16
13 17
0 18
0 19
14 20
15 21
16 22
16 23
16 24
16 25
17 26
18 27
19 27
20 28
21 29
22 30
23 31
24 32
25 33
26 34
26 35
27 36
0 37
0 38
28 39
28 40
28 41
29 42
29 43
29 44
29 45
30 46
31 47
32 48
33 49
33 50
33 51
34 52
34 53
0 54
35 55
35 56
35 57
36 58
36 59
37 60
38 61
39 62
40 63
41 64
42 65
43 66
43 67
44 68
45 69
0 70
46 71
46 72
47 73
48 74
49 75
50 76
51 76
51 77
52 78
53 79
54 80
55 81
56 82
0 83
0 84
57 85
0 86
0 87
58 88
59 89
60 90
61 91
62 92
63 93
0 94
0 95
0 96
0 97
0 98
0 99
64 100
65 101
66 102
67 103
68 104
69 105
70 106
71 107
72 108
73 109
74 110
75 111
76 112
77 113
78 114
0 115
0 116
0 117
0 118
0 119
79 120
80 121
80 122
81 122
82 122
83 123
84 124
85 125
86 126
87 127
0 128
88 129
89 130
90 131
91 132
91 133
92 134
93 135
94 136
95 137
96 138
97 139
98 140
0 141
0 142
0 143
0 144
99 145
100 146
101 147
102 148
103 149
0 150
0 151
0 152
0 153
104 154
105 155
0 156
0 157
106 158
107 159
108 160
109 161
110 162
111 163
112 164
113 165
114 166
115 167
116 168
117 169
118 169
0 170
0 171
0 172
0 173
0 174
118 175
119 176
120 177
121 178
122 179
123 180
124 181
125 182
126 183
127 184
128 185
0 186
0 187
0 188
129 189
129 190
130 191
0 192
131 193
132 194
132 195
133 196
134 197
135 198
136 199
137 200
138 201
139 201
139 202
139 203
140 203
141 204
142 205
143 206
144 207
145 208
146 209
147 210
148 211
149 212
150 213
151 213
151 214
151 215
151 216
152 217
153 218
154 219
155 220
156 221
157 222
158 223
159 224
160 225
161 225
162 226
163 227
164 228
165 229
166 230
167 231
168 232
168 233
169 234
170 235
171 236
0 237
0 238
0 239
0 240
172 241
173 242
174 243
175 244
176 245
177 246
178 247
179 248
180 248
180 249
180 250
180 251
180 252
181 253
181 254
182 255
183 255
183 256
184 257
185 258
186 259
187 260
188 261
189 262
190 263
0 264
191 265
0 266
191 267
192 268
193 269
194 270
195 271
196 272
197 273
198 274
199 275
200 276
201 277
0 278
0 279
0 280
0 281
0 282
0 283
0 284
202 285
203 286
204 287
205 288
206 289
207 290
208 291
0 292
0 293
209 294
210 295
211 296
212 297
213 298
214 299
215 300
0 301
0 302
216 303
217 304
218 305
219 306
220 307
220 308
221 309
222 310
223 311
224 312
224 313
224 314
224 315
225 316
225 317
225 318
226 319
227 320
228 321
229 321
230 322
231 323
231 324
232 325
233 325
233 326
234 327
235 328
236 329
237 330
238 331
239 332
240 333
241 334
242 335
243 336
244 337
245 338
246 339
247 340
247 341
248 342
249 343
249 344
249 345
249 346
250 347
251 348
252 349
253 350
254 351
255 352
256 353
257 354
258 355
259 356
260 357
261 358
262 359
263 360
264 361
264 362
265 363
266 364
267 365
268 366
269 367
270 368
271 369
272 370
273 371
274 372
275 373
276 374
277 375
278 376
279 377
0 378
280 379
280 380
281 381
282 382
0 383
283 384
0 385
0 386
0 387
0 388
0 389
0 390
284 391
285 392
286 393
286 394
0 395
0 396
0 397
287 398
288 399
289 400
290 401
290 402
291 403
292 404
292 405
293 406
294 407
295 408
296 409
297 410
298 411
299 412
300 413
301 414
302 415
302 416
303 416
304 417
0 418
305 419
306 420
307 421
0 422
0 423
308 424
309 424
310 425
310 426
311 427
312 428
313 429
314 430
315 431
316 431
316 432
317 433
318 434
0 435
319 436
320 437
320 438
0 439
0 440
321 441
321 442
321 443
322 443
323 444
324 445
325 446
326 447
327 448
328 449
329 450
330 451
331 452
332 453
0 454
0 455
333 456
333 457
334 458
335 459
336 460
337 461
338 462
339 463
340 464
341 465
342 466
343 467
343 468
344 469
345 470
345 471
345 472
346 473
346 474
347 475
348 475
349 476
350 477
351 478
352 479
353 480
354 481
355 482
356 483
357 484
358 485
359 486
360 487
361 488
0 489
0 490
0 491
0 492
0 493
0 494
0 495
0 496
362 497
0 498
363 499
0 500
0 501
0 502
0 503
0 504
0 505
0 506
0 507
0 508
0 509
0 510
0 511
0 512
0 513
0 514
0 515
0 516
0 517
0 518
0 519
0 520
0 521
0 522
0 523
0 524
0 525
0 525
0 525
0 526
364 527
364 528
365 529
0 530
366 531
367 532
368 533
369 534
370 535
371 536
372 537
373 538
374 539
375 540
376 541
377 542
378 543
379 544
380 545
381 546
382 547
383 548
384 549
385 550
386 551
387 552
388 552
389 553
390 554
391 555
392 556
393 557
394 558
395 559
396 560
397 561
398 562
399 563
400 564
401 565
402 566
403 567
404 568
405 569
406 570
407 571
408 572
409 573
410 574
411 575
412 576
413 577
414 578
415 579
416 580
0 581
0 582
0 583
416 584
417 585
418 586
0 587
0 588
419 589
420 590
421 591
422 592
423 593
0 594
424 595
425 596
426 597
427 598
428 599
429 600
0 601
0 602
430 603
431 604
0 605
432 606
433 607
434 608
435 609
436 610
437 611
438 612
439 613
440 614
441 615
0 616
442 617
443 618
444 619
445 620
446 621
447 622
448 623
449 624
450 625
0 626
0 627
0 628
451 629
452 630
453 631
454 631
455 632
456 633
457 634
0 635
0 636
0 637
0 638
0 639
458 640
0 641
0 642
459 643
460 644
461 645
462 646
0 647
0 648
463 649
464 650
465 651
466 652
467 653
468 654
468 655
469 656
470 657
471 658
0 659
0 660
472 661
473 662
474 663
475 664
476 665
477 666
478 667
0 668
0 669
0 670
0 671
0 672
478 673
0 674
478 675
0 676
0 677
0 678
0 679
0 680
478 681
479 682
480 683
0 684
480 685
481 686
482 687
483 688
484 689
485 690
486 691
487 692
488 693
489 694
490 695
491 696
492 697
493 698
494 699
495 700
496 701
497 702
497 703
498 704
499 705
499 706
0 707
0 708
0 709
500 710
501 711
502 712
0 713
503 714
504 715
505 716
505 717
505 718
506 719
507 720
508 721
509 722
510 723
511 724
512 725
513 726
514 727
0 728
0 729
515 730
516 731
0 732
0 733
517 734
518 735
519 736
520 737
520 738
521 739
522 740
523 741
524 742
525 743
526 744
527 745
528 746
529 747
530 748
531 749
532 750
533 751
534 752
535 753
536 754
0 755
0 756
0 757
0 758
537 759
538 760
539 761
540 762
541 763
542 764
543 765
544 766
545 767
546 768
547 769
548 770
549 771
550 772
551 773
552 774
553 775
554 776
555 777
556 778
557 779
558 780
0 781
559 782
560 783
560 784
0 785
0 786
0 787
0 788
0 789
561 790
561 791
562 792
563 793
564 794
565 795
566 796
0 797
567 798
0 799
0 800
0 801
0 802
0 803
0 804
0 805
568 806
569 807
570 808
571 809
572 810
573 811
0 812
574 813
575 814
576 814
576 815
577 816
0 817
578 818
579 819
580 820
0 821
0 822
0 823
0 824
0 825
0 826
0 827
0 828
0 829
0 830
0 831
0 832
0 833
0 834
0 835
0 836
0 837
0 838
0 839
0 840
0 841
0 842
0 843
0 844
0 845
0 846
0 847
0 848
0 849
0 850
0 851
0 852
0 853
0 854
0 855
0 856
0 857
0 858
0 859
0 860
0 861
0 862
0 863
0 864
0 865
581 866
582 867
582 868
583 869
583 870
584 871
585 872
586 873
586 874
0 875
587 876
0 877
588 878
589 879
590 880
591 881
592 882
593 883
594 884
595 885
595 886
596 887
596 888
597 888
598 889
599 890
600 891
601 892
601 893
601 894
601 895
602 896
603 897
604 898
605 899
606 900
607 901
608 902
609 903
610 904
611 905
612 906
613 907
614 907
615 908
616 909
616 910
0 911
0 912
0 913
0 914
0 915
0 916
0 917
0 918
0 919
0 920
0 921
0 922
0 923
0 924
0 925
0 926
0 927
617 928
618 929
619 930
619 931
620 932
621 933
622 934
623 935
624 936
625 937
626 938
627 939
628 940
629 941
630 942
631 943
632 944
633 945
633 946
634 946
635 947
636 948
637 949
638 950
639 951
640 952
641 953
642 954
643 955
644 956
645 957
645 958
646 959
647 960
648 961
649 962
650 963
651 964
652 965
653 966
654 967
655 968
655 969
656 970
657 971
658 972
659 973
660 974
661 975
662 976
663 977
664 978
665 979
666 980
666 981
667 982
667 983
668 984
0 985
669 986
670 987
671 988
672 989
673 990
674 991
674 992
675 993
675 994
676 995
677 996
678 997
679 998
680 999
681 1000
682 1000
0 1001
683 1002
684 1003
685 1004
686 1005
687 1006
687 1007
687 1008
688 1009
0 1010
689 1011
689 1012
689 1013
690 1014
0 1015
690 1016
690 1017
691 1018
692 1019
692 1020
693 1021
694 1022
695 1023
696 1024
697 1025
698 1026
698 1027
699 1028
700 1029
0 1030
701 1031
701 1032
702 1033
703 1034
703 1035
704 1036
0 1037
704 1038
0 1039
705 1040
0 1041
0 1042
0 1043
706 1044
707 1045
708 1046
709 1047
710 1048
711 1049
712 1050
713 1051
714 1052
0 1053
715 1054
716 1055
717 1056
717 1057
717 1058
0 1059
0 1060
718 1061
719 1062
720 1063
721 1064
722 1065
723 1066
724 1067
725 1068
725 1069
726 1070
727 1071
728 1072
728 1073
729 1074
729 1075
730 1076
0 1077
0 1078
0 1079
0 1080
0 1081
0 1082
0 1083
0 1084
0 1085
731 1086
0 1087
0 1088
0 1089
0 1090
0 1091
732 1092
733 1093
733 1094
734 1094
735 1095
736 1096
737 1097
738 1098
739 1099
740 1100
741 1101
742 1102
743 1103
743 1104
744 1105
745 1106
746 1107
747 1108
748 1109
749 1110
749 1111
750 1111
751 1112
752 1113
753 1114
754 1115
755 1116
756 1117
757 1118
758 1119
758 1120
758 1121
759 1122
760 1123
761 1124
762 1125
763 1126
0 1126
0 1127
0 1128
764 1129
764 1130
765 1131
765 1132
767 1133
768 1134
769 1135
770 1136
771 1137
772 1138
773 1139
774 1140
775 1141
776 1142
777 1143
778 1144
779 1145
0 1146
0 1147
0 1148
0 1149
0 1150
0 1151
0 1152
0 1153
0 1154
0 1155
0 1156
780 1157
781 1158
782 1159
0 1160
0 1161
0 1162
0 1163
783 1164
784 1165
784 1166
784 1167
785 1168
786 1169
787 1170
788 1171
789 1172
790 1173
790 1174
791 1175
792 1176
793 1177
794 1178
795 1179
796 1180
797 1181
798 1181
799 1182
800 1183
801 1184
802 1185
803 1186
804 1187
805 1188
806 1189
806 1190
807 1191
808 1192
809 1193
810 1194
811 1195
812 1196
813 1197
814 1198
814 1199
0 1200
815 1201
816 1202
817 1203
818 1203
819 1204
820 1205
821 1206
822 1207
823 1208
824 1209
825 1210
826 1211
827 1212
828 1213
829 1214
830 1215
831 1216
832 1217
833 1218
834 1219
835 1220
836 1221
837 1222
838 1223
839 1224
840 1225
841 1226
842 1227
843 1228
844 1229
845 1230
846 1231
847 1232
847 1233
0 1234
848 1235
849 1236
850 1237
851 1238
852 1239
853 1240
853 1241
853 1242
854 1243
855 1244
856 1245
857 1246
0 1247
0 1248
0 1249
0 1249
0 1250
0 1251
0 1252
0 1253
0 1254
0 1255
0 1256
0 1257
0 1258
0 1259
0 1260
0 1261
0 1262
0 1263
0 1264
0 1265
858 1266
859 1267
860 1268
861 1269
862 1270
863 1270
863 1271
0 1272
863 1273
0 1274
0 1275
864 1276
865 1276
865 1277
866 1278
867 1279
867 1280
868 1281
869 1282
870 1283
871 1284
871 1285
872 1285
873 1286
874 1287
875 1288
876 1289
877 1290
0 1291
0 1292
877 1293
877 1294
878 1295
879 1296
0 1297
880 1298
881 1298
881 1299
882 1299
882 1300
883 1301
884 1301
884 1302
885 1303
885 1304
886 1304
887 1305
888 1306
889 1307
890 1308
891 1309
892 1310
893 1310
893 1311
894 1312
895 1313
0 1314
0 1315
0 1316
0 1317
0 1318
0 1319
0 1320
0 1321
896 1322
896 1323
897 1324
898 1325
899 1326
899 1327
899 1328
900 1329
900 1330
0 1331
901 1332
902 1333
903 1334
904 1335
905 1336
906 1337
907 1338
907 1339
908 1340
909 1341
910 1342
911 1343
912 1344
912 1345
913 1346
913 1347
914 1348
915 1349
916 1350
917 1351
918 1352
919 1353
920 1354
921 1355
922 1356
923 1357
924 1358
0 1359
0 1360
0 1361
0 1362
925 1363
926 1364
927 1365
928 1366
928 1367
928 1368
929 1369
930 1370
931 1371
931 1372
932 1373
933 1374
934 1375
935 1375
935 1376
936 1377
0 1378
0 1379
0 1380
936 1381
936 1382
937 1383
938 1384
939 1385
940 1386
941 1387
942 1388
943 1389
944 1390
945 1391
0 1392
0 1393
0 1394
946 1395
947 1396
947 1397
948 1398
949 1399
950 1400
951 1401
952 1402
952 1403
953 1404
0 1405
0 1406
954 1407
954 1408
955 1408
956 1409
957 1410
958 1411
959 1412
960 1413
961 1414
962 1415
963 1416
963 1417
964 1418
965 1419
966 1420
967 1421
0 1422
967 1423
968 1424
969 1425
970 1426
971 1427
972 1428
973 1429
973 1430
974 1431
0 1432
0 1433
0 1434
0 1435
0 1436
975 1437
976 1438
977 1439
978 1440
979 1441
980 1442
981 1443
982 1444
983 1445
984 1446
985 1447
986 1448
987 1449
988 1450
989 1451
990 1452
991 1453
992 1454
993 1455
994 1456
995 1457
996 1458
997 1459
998 1460
999 1461
1000 1462
1001 1463
1002 1464
1003 1465
1004 1466
1005 1467
1006 1468
1007 1469
1008 1470
1009 1471
1009 1472
1010 1473
1011 1474
0 1475
1012 1476
1013 1477
1014 1478
1015 1479
0 1480
0 1481
0 1482
0 1483
0 1484
0 1485
0 1486
0 1487
0 1488
0 1489
0 1490
0 1491
1016 1492
1017 1493
1017 1494
1018 1495
1019 1496
1020 1497
1020 1498
1021 1499
1022 1500
1023 1501
1023 1502
1024 1503
1024 1504
1025 1505
1026 1505
1027 1506
1027 1507
1028 1508
1029 1509
1030 1510
1031 1511
1031 1512
1031 1513
1032 1514
1033 1515
1034 1516
1035 1517
1036 1518
1036 1519
1037 1519
1038 1520
1039 1521
1040 1522
1041 1523
1042 1524
1043 1525
1044 1526
1045 1527
1046 1528
1047 1529
1048 1530
1049 1531
1050 1532
1051 1533
1051 1534
1051 1535
1052 1536
1053 1537
1054 1538
1055 1539
0 1540
1055 1541
1057 1542
1058 1542
1059 1543
1059 1544
1060 1545
1061 1546
1062 1547
1063 1548
1064 1549
1065 1550
1066 1551
1067 1552
1068 1553
1069 1554
1070 1555
1071 1556
1072 1557
1073 1558
1073 1559
1074 1560
1075 1561
1076 1562
1077 1563
1078 1564
1079 1565
1080 1565
1081 1566
1082 1567
1083 1568
1084 1569
1085 1570
1086 1571
1087 1572
1088 1573
1089 1574
1090 1575
1091 1576
1092 1577
1093 1578
1094 1579
1095 1580
0 1581
0 1582
0 1583
1096 1584
1097 1585
1098 1586
1099 1587
0 1588
1100 1589
1101 1590
1102 1591
1103 1592
1103 1593
1103 1594
0 1595
1104 1596
1104 1597
1105 1598
1105 1599
1105 1600
1105 1601
1106 1602
1106 1603
1107 1604
1108 1605
1109 1606
1109 1607
1110 1608
1110 1609
1112 1610
1112 1611
1113 1612
1114 1612
1114 1613
1115 1614
0 1615
0 1616
1116 1617
1117 1618
1117 1619
1118 1620
0 1621
1119 1622
0 1623
1120 1624
0 1625
0 1626
0 1627
1121 1628
1121 1629
1122 1630
0 1631
0 1632
0 1633
0 1634
1123 1635
1124 1636
1125 1637
0 1638
0 1639
1126 1640
1127 1641
0 1642
0 1643
1128 1644
1129 1645
1130 1646
1130 1647
1131 1648
1132 1649
1133 1650
1134 1651
1135 1652
1136 1653
1137 1654
1138 1655
0 1656
1139 1657
1140 1658
1140 1659
1141 1660
1141 1661
1142 1662
1143 1663
1144 1664
0 1665
0 1666
0 1667
0 1668
0 1669
0 1670
0 1671
0 1672
0 1673
0 1674
0 1675
1145 1676
1146 1677
1147 1678
1148 1679
1149 1680
1150 1681
1151 1682
1152 1683
1153 1684
1153 1685
1154 1685
1155 1685
1155 1686
1155 1687
0 1688
0 1689
0 1690
0 1691
1156 1692
1157 1693
1158 1694
1159 1695
1160 1696
1161 1697
0 1698
0 1699
0 1700
0 1701
0 1702
0 1703
0 1704
1162 1705
1163 1706
1164 1707
1165 1708
1166 1709
1167 1710
1168 1711
1169 1712
1170 1713
1171 1714
1172 1715
1173 1716
1174 1717
1175 1718
1176 1719
1177 1720
1178 1721
1179 1722
1180 1723
1181 1724
0 1725
0 1726
0 1727
0 1728
0 1729
0 1730
0 1731
0 1732
0 1733
0 1734
0 1735
0 1736
0 1737
0 1738
0 1739
0 1740
0 1741
0 1742
0 1743
0 1744
0 1745
0 1746
0 1747
0 1748
0 1749
0 1750
0 1751
0 1752
0 1753
0 1754
0 1755
0 1756
1182 1757
1183 1758
1184 1759
1185 1760
1186 1761
1187 1762
1188 1763
1189 1764
1190 1765
1191 1766
1192 1767
1193 1768
1194 1769
1195 1770
1196 1771
1197 1772
0 1773
1198 1774
1199 1775
1200 1776
1201 1777
1202 1778
1203 1779
1204 1780
1205 1781
1206 1782
1207 1783
1208 1783
1209 1784
1210 1785
1211 1786
1212 1787
1212 1788
1212 1789
1212 1790
1213 1791
1214 1792
1215 1793
1216 1794
1217 1795
1218 1796
1219 1797
1220 1798
1221 1799
1222 1800
1223 1801
1223 1802
0 1803
0 1804
0 1805
0 1806
0 1807
1224 1808
0 1809
1225 1810
1225 1811
1226 1812
1226 1813
1226 1814
1226 1815
1226 1816
1227 1817
1227 1818
1227 1819
1227 1820
0 1821
0 1822
1228 1823
1229 1824
1230 1825
1231 1826
1231 1827
1231 1828
1232 1828
1233 1829
1233 1830
1234 1831
1234 1832
1235 1832
1235 1833
1236 1834
1237 1835
1237 1836
1238 1836
1239 1837
1240 1838
1241 1839
1242 1840
1243 1841
1244 1842
1245 1843
1245 1844
1246 1845
1247 1846
1248 1847
1249 1848
1250 1849
1251 1850
1252 1851
1253 1852
1253 1853
0 1854
1254 1855
1255 1856
1255 1857
1256 1857
1257 1858
1258 1859
1259 1860
1260 1861
1260 1862
1261 1863
1262 1864
1263 1865
1264 1866
1265 1867
1266 1868
1267 1869
1268 1870
1269 1871
0 1872
0 1873
0 1874
0 1875
0 1876
0 1877
1270 1878
1271 1879
1272 1880
1273 1881
1274 1882
1275 1883
1276 1883
1276 1884
0 1885
0 1886
1277 1887
1278 1888
1279 1889
1280 1890
0 1891
0 1892
0 1893
0 1894
0 1895
0 1896
0 1897
1281 1898
1282 1899
1283 1899
1284 1900
1285 1901
1286 1902
1287 1903
1288 1904
1289 1905
1290 1906
1291 1907
1292 1908
1293 1909
1294 1910
1295 1911
1296 1912
1297 1913
0 1914
0 1915
1298 1916
1299 1917
1300 1918
1301 1919
1302 1920
1303 1921
1304 1922
1305 1923
1306 1924
1307 1925
1308 1926
1309 1927
1310 1928
1311 1929
1312 1930
1313 1931
1314 1932
1315 1933
1316 1934
1317 1935
1318 1936
1319 1937
1320 1938
1321 1939
1322 1940
1323 1941
1324 1942
1325 1943
1326 1944
1327 1945
1328 1946
1329 1947
1330 1948
1331 1949
1332 1950
1333 1951
1334 1952
1335 1953
0 1954
1335 1955
0 1956
0 1957
0 1958
1335 1959
0 1960
0 1961
0 1962
0 1963
1336 1964
1336 1965
1337 1966
1338 1967
1339 1968
1340 1969
1341 1970
1342 1971
0 1972
0 1973
0 1974
0 1975
0 1976
0 1977
1343 1978
0 1979
0 1980
0 1981
0 1982
0 1983
1343 1984
0 1985
0 1986
0 1986
1344 1987
0 1988
0 1989
1345 1990
1346 1991
1347 1992
1348 1993
1349 1994
1350 1995
1351 1996
1352 1997
1353 1998
0 1999
0 2000
0 2001
0 2002
0 2003
1354 2004
1355 2005
1356 2006
1357 2007
1358 2008
1359 2009
1360 2010
1361 2011
1362 2012
1363 2013
1364 2014
1365 2015
1366 2016
1367 2017
1368 2017
1369 2018
1370 2019
1371 2020
1372 2021
1373 2022
1374 2023
1375 2024
1376 2025
1377 2026
1378 2027
0 2028
1379 2029
1380 2030
1381 2031
1382 2032
1383 2033
1384 2034
1385 2035
1386 2036
1387 2037
1388 2038
1389 2039
0 2040
0 2041
0 2042
0 2043
0 2044
1390 2045
1390 2046
1391 2047
1392 2048
1393 2049
1394 2050
1395 2050
1396 2051
1397 2052
1398 2053
1399 2054
1400 2055
1401 2056
1401 2057
1401 2058
1402 2059
1403 2060
1404 2061
1404 2062
1405 2062
1406 2063
1407 2064
0 2065
0 2066
0 2067
0 2068
1407 2069
1408 2070
1409 2071
1410 2072
1411 2073
1412 2074
1413 2075
1415 2076
1416 2077
1417 2078
1418 2079
1419 2080
0 2081
0 2082
0 2083
1420 2084
1421 2085
1422 2086
1423 2087
1424 2088
1425 2089
1426 2090
1427 2091
1428 2092
0 2093
0 2094
0 2095
0 2096
0 2097
0 2098
1429 2099
1430 2100
1431 2101
1432 2102
1433 2103
1434 2104
1435 2105
1436 2106
1437 2107
1438 2108
1439 2109
1440 2110
1441 2111
1442 2112
1443 2113
1444 2114
1445 2115
0 2116
1446 2117
1447 2118
1448 2119
1449 2120
1450 2121
1451 2122
1452 2123
0 2124
0 2125
1453 2126
1454 2127
1455 2128
1456 2129
1457 2130
1458 2131
1459 2132
1460 2133
1461 2134
1462 2135
1463 2136
1464 2137
1465 2138
1466 2139
1467 2140
1468 2140
1469 2141
1470 2142
1471 2143
1472 2144
1473 2145
1474 2146
1475 2147
1476 2148
1477 2149
1478 2150
1479 2151
1480 2152
1481 2153
1482 2154
1483 2155
1484 2156
1485 2157
1486 2158
1487 2159
1488 2160
1489 2161
1490 2162
1491 2163
1492 2164
1493 2165
1494 2166
1495 2167
1496 2168
0 2169
0 2170
1497 2171
1497 2172
1498 2173
1499 2174
1500 2175
1500 2176
1501 2177
1502 2178
1503 2178
1503 2179
1504 2180
1505 2181
1506 2182
0 2183
0 2184
0 2185
0 2186
0 2187
0 2188
0 2189
0 2190
1507 2191
1508 2191
1509 2192
1510 2193
1511 2194
1512 2195
1513 2196
1514 2197
1515 2198
1516 2199
1517 2200
1518 2201
1519 2202
1520 2203
1521 2204
1522 2205
1523 2206
1524 2207
1525 2208
0 2209
0 2210
0 2211
0 2212
0 2213
0 2214
1526 2215
0 2216
0 2217
0 2218
0 2219
1527 2220
1527 2221
1527 2222
1528 2223
1529 2224
1529 2225
1530 2226
1531 2227
1531 2228
1532 2229
1533 2230
1534 2231
1535 2232
1536 2233
1537 2234
1538 2235
1539 2235
1540 2236
1541 2237
1542 2238
1543 2239
1544 2240
1545 2240
1546 2241
1547 2242
1548 2243
1549 2244
0 2245
0 2246
1550 2247
1551 2248
1552 2248
1553 2249
0 2250
0 2251
1554 2252
1555 2253
1556 2254
1557 2255
1558 2256
1558 2257
1559 2258
1559 2259
1560 2260
1561 2261
1562 2262
1563 2263
1564 2264
0 2265
1564 2266
1565 2267
1566 2268
1566 2269
1567 2270
1568 2271
1568 2272
1569 2273
1570 2274
1571 2275
1572 2276
1573 2277
1574 2278
1575 2279
1576 2280
1577 2281
1578 2282
1579 2283
1580 2284
1581 2285
1582 2286
1583 2287
1584 2288
1585 2289
1586 2290
1587 2291
1588 2292
1589 2293
1590 2294
1591 2295
1591 2296
1592 2297
1593 2298
1594 2299
1595 2300
1596 2301
1597 2302
1598 2303
1599 2304
1600 2305
1601 2306
1602 2307
1603 2308
1604 2309
1605 2310
1605 2311
1605 2312
1606 2313
1607 2314
1608 2315
1609 2316
1610 2317
1611 2318
1612 2319
1613 2320
1614 2321
1615 2322
1616 2323
1617 2324
1618 2325
1619 2326
1620 2327
1620 2328
0 2329
1621 2330
1622 2331
0 2332
1623 2333
1624 2334
1625 2335
1626 2336
1627 2337
1627 2338
1628 2339
1629 2339
0 2340
0 2341
1630 2342
1631 2343
1631 2344
1631 2345
1632 2346
1633 2347
1634 2348
1635 2348
1635 2349
1636 2349
1637 2350
1638 2351
1638 2352
1639 2353
0 2354
0 2355
1640 2356
0 2356
0 2357
1641 2358
1641 2359
1641 2360
1642 2361
1643 2362
0 2363
0 2364
0 2365
0 2366
1644 2367
1645 2368
0 2369
1646 2370
0 2371
1647 2372
1647 2373
1647 2374
1648 2375
1649 2376
1650 2377
1651 2378
1652 2379
1653 2380
1654 2381
1655 2382
1655 2383
0 2384
1656 2385
1657 2386
1658 2387
1659 2388
1660 2389
1661 2390
0 2391
0 2392
1662 2393
1663 2394
1664 2395
1665 2396
1666 2397
1667 2398
1668 2399
1668 2400
1668 2401
1669 2402
1670 2403
1671 2404
1671 2405
1672 2406
1673 2407
1674 2408
1675 2409
1676 2410
1677 2411
0 2412
1678 2413
1678 2414
1678 2415
1679 2416
1680 2417
1681 2418
1682 2419
1682 2420
1683 2421
1684 2422
1685 2423
1686 2424
1686 2425
1686 2426
1686 2427
0 2428
0 2429
0 2430
0 2431
0 2432
0 2433
0 2434
0 2435
0 2436
0 2437
1686 2438
1686 2439
1686 2440
0 2441
1687 2442
1687 2443
0 2444
1687 2445
1687 2446
1687 2447
1688 2448
1689 2449
1690 2450
1690 2451
1690 2452
1691 2453
1691 2454
0 2455
0 2456
0 2457
0 2458
0 2459
1691 2460
1691 2461
0 2462
0 2463
1691 2464
1691 2465
0 2466
0 2467
0 2468
0 2469
0 2470
0 2471
0 2472
0 2473
0 2474
1692 2475
1692 2476
0 2477
1692 2478
1693 2479
1694 2480
1695 2481
1696 2482
1697 2483
0 2484
1698 2485
1699 2486
1700 2487
1701 2488
1701 2489
1702 2490
1702 2491
1702 2492
1703 2493
1704 2494
1705 2495
1706 2496
1707 2497
1707 2498
1708 2498
1709 2499
1710 2500
1710 2501
1710 2502
1711 2503
1712 2504
1713 2505
1714 2506
1715 2507
1716 2508
1717 2509
1718 2510
1719 2511
0 2512
1719 2513
1720 2514
1721 2515
1722 2516
0 2517
0 2518
0 2519
0 2520
1723 2521
1724 2522
1725 2523
1725 2524
0 2525
1726 2526
1727 2527
1728 2528
1729 2529
1730 2530
1731 2531
1732 2532
0 2533
0 2534
0 2534
0 2535
0 2536
0 2536
1732 2537
0 2538
0 2539
1733 2540
1734 2541
1735 2542
1736 2543
1737 2544
1738 2545
1739 2546
1740 2547
1741 2548
1742 2549
1743 2550
1744 2551
1745 2552
1746 2553
0 2554
0 2555
0 2555
0 2556
0 2557
0 2558
0 2559
0 2560
0 2561
0 2562
0 2563
0 2564
0 2565
0 2566
0 2567
0 2568
0 2569
0 2570
0 2571
0 2572
0 2573
0 2574
0 2575
1747 2576
1748 2577
1749 2578
1750 2579
1751 2580
1752 2581
1753 2582
1754 2583
1755 2584
1756 2585
1756 2586
1756 2587
1757 2588
1758 2589
1759 2590
1760 2591
1761 2592
1762 2593
1763 2594
1764 2595
1764 2596
1764 2597
1764 2598
1764 2599
1764 2600
1764 2601
1764 2602
1764 2603
1764 2604
1765 2605
1766 2606
1767 2607
1768 2608
1769 2609
1770 2610
1770 2611
1770 2612
1770 2613
1770 2614
1770 2615
1771 2616
1771 2617
1771 2618
1771 2619
1771 2620
1772 2621
1772 2622
1772 2623
1772 2624
1772 2625
1773 2626
0 2627
0 2628
0 2629
1773 2630
0 2631
1773 2632
1773 2633
1773 2634
0 2635
1773 2636
1774 2637
1775 2638
1775 2639
1775 2640
0 2641
0 2642
0 2643
0 2644
0 2645
0 2646
0 2647
0 2648
0 2649
0 2650
0 2651
0 2652
0 2653
1775 2654
1775 2655
1776 2656
0 2657
0 2658
0 2659
1777 2659
1778 2660
1779 2661
1780 2662
1781 2663
1782 2664
1782 2665
1783 2666
1784 2666
1784 2667
1785 2668
1786 2669
1787 2670
1788 2671
1789 2672
1789 2673
1790 2674
1791 2675
1792 2676
1793 2677
1794 2678
1795 2679
1796 2680
1797 2681
1798 2682
1799 2683
1800 2684
1801 2685
1802 2686
1803 2687
0 2688
0 2689
0 2690
0 2691
0 2692
0 2693
0 2694
1804 2695
1804 2696
1804 2697
1804 2698
1805 2699
1806 2700
1807 2701
1807 2702
1808 2702
1808 2703
1808 2704
1808 2705
1808 2706
1808 2707
1808 2708
1808 2709
1808 2710
1808 2711
1808 2712
1808 2713
1809 2714
1810 2715
1811 2716
1812 2717
1813 2718
1814 2719
1815 2720
1815 2721
1815 2722
1815 2723
1816 2724
1817 2725
1818 2726
1819 2727
1820 2728
1820 2729
1820 2730
1820 2731
1821 2732
1821 2733
1821 2734
1822 2735
1823 2736
1823 2737
1823 2738
1823 2739
1824 2740
0 2741
1825 2742
1825 2743
1825 2744
0 2745
0 2746
0 2747
0 2748
0 2749
0 2750
1826 2751
1827 2752
0 2753
0 2754
1828 2755
1828 2756
1828 2757
1828 2758
1829 2759
1830 2760
1831 2761
1832 2762
1833 2763
1834 2764
1835 2765
1836 2766
1837 2767
0 2768
0 2769
1838 2770
1839 2771
0 2772
1840 2773
1840 2774
1840 2775
1840 2776
1840 2777
1840 2778
1840 2779
1841 2780
1842 2781
1843 2782
1844 2783
1845 2784
1846 2785
1847 2786
1848 2787
1848 2788
1848 2789
1849 2790
1850 2791
1850 2792
1850 2793
1850 2794
1851 2795
1851 2796
1851 2797
1851 2798
1851 2799
1852 2800
1853 2801
1854 2802
1854 2803
1855 2804
1856 2805
1857 2806
1858 2807
1858 2808
1858 2809
0 2810
1858 2811
1858 2812
1858 2813
1859 2814
1859 2815
1861 2816
1862 2817
1863 2818
1864 2819
1864 2820
1864 2821
1865 2822
1866 2823
1867 2824
1868 2825
0 2826
1868 2827
1868 2828
1869 2829
1870 2830
1871 2831
1872 2832
1873 2833
1874 2834
1875 2835
1876 2836
1877 2837
1878 2838
1879 2839
1880 2840
1881 2841
1882 2842
1883 2843
1883 2844
1883 2845
1884 2846
1885 2847
1886 2848
1887 2849
0 2850
0 2851
0 2852
0 2853
0 2854
1888 2855
1888 2856
1889 2857
1890 2858
1891 2859
1892 2860
1893 2861
1894 2862
1894 2863
1895 2864
1896 2865
1897 2866
1897 2867
1897 2868
1897 2869
1898 2870
0 2871
0 2872
0 2873
0 2874
1899 2875
1900 2876
1901 2877
1902 2878
1903 2879
1904 2880
1905 2881
1906 2882
1907 2883
1908 2884
1908 2885
1909 2886
1910 2887
1911 2888
1912 2889
1913 2890
1914 2891
1915 2892
1915 2893
1916 2893
1916 2894
1916 2895
1917 2896
1918 2897
1919 2898
1920 2899
1921 2900
1921 2901
1921 2902
1922 2903
1923 2904
1924 2905
1925 2906
1926 2907
1927 2908
0 2909
0 2910
1928 2911
1929 2912
1930 2913
1931 2914
1932 2915
1933 2916
1934 2917
1934 2918
1934 2919
1934 2920
1934 2921
1934 2922
1934 2923
1934 2924
1934 2925
1934 2926
1934 2927
1935 2928
1936 2929
1937 2930
0 2931
1938 2932
1938 2933
1938 2934
1938 2935
1938 2936
1938 2937
1939 2938
1940 2939
1941 2940
1942 2941
1943 2942
1944 2943
1945 2944
1946 2945
1947 2946
1947 2947
1948 2948
1948 2949
1949 2950
1950 2951
1951 2952
1952 2953
1953 2954
1953 2955
1954 2956
1955 2957
1956 2958
1957 2959
1957 2960
1957 2961
1958 2962
1959 2963
1960 2964
1960 2965
1961 2966
1962 2967
1963 2968
1963 2969
1963 2970
1963 2971
1964 2972
1965 2973
1965 2974
1965 2975
1965 2976
1966 2977
1966 2978
1966 2979
1966 2980
1966 2981
1966 2982
1966 2983
1966 2984
1966 2985
1967 2986
1968 2987
1969 2988
1969 2989
1970 2990
0 2991
0 2992
0 2993
0 2994
0 2995
0 2996
1971 2997
1972 2998
1973 2999
1974 3000
1975 3001
1976 3002
1977 3003
1978 3004
1978 3005
1978 3006
0 3007
0 3008
0 3009
0 3010
0 3011
0 3012
0 3013
0 3014
1978 3015
0 3016
0 3017
1978 3018
1978 3019
1978 3020
1978 3021
0 3022
1979 3023
1979 3024
1979 3025
1979 3026
1980 3027
1980 3028
0 3029
0 3030
0 3031
0 3032
0 3033
0 3034
0 3035
0 3036
0 3037
0 3038
0 3039
0 3040
0 3041
0 3042
0 3043
0 3044
0 3045
0 3046
0 3047
0 3048
0 3049
0 3050
0 3051
0 3052
0 3053
0 3054
0 3055
1981 3055
1981 3056
1981 3057
1981 3058
1981 3059
1981 3060
1981 3061
0 3062
0 3063
1981 3064
0 3065
0 3066
1981 3067
1982 3068
1983 3069
1984 3070
0 3071
0 3072
0 3073
1985 3074
0 3075
0 3076
0 3077
0 3078
0 3079
0 3080
0 3081
0 3082
0 3083
1986 3084
1987 3085
1988 3086
1989 3087
1990 3088
1991 3089
1992 3090
1993 3091
1994 3092
1995 3093
1996 3094
1997 3095
1998 3096
0 3097
1998 3098
0 3099
1998 3100
0 3101
1999 3102
2000 3103
2001 3104
2002 3105
2003 3106
2004 3107
2005 3108
2006 3109
2007 3110
2008 3111
2009 3112
2010 3113
2011 3114
2012 3115
2013 3116
2014 3117
2015 3118
2016 3119
2017 3120
2018 3121
2019 3122
2019 3123
2019 3124
2019 3125
2020 3126
2021 3127
2022 3128
0 3129
2023 3130
2023 3131
2023 3132
2024 3133
2025 3134
2026 3135
2026 3136
2026 3137
2027 3138
2027 3139
2028 3140
2029 3141
2030 3142
2031 3143
2032 3144
2033 3145
2034 3146
2035 3147
2036 3148
2037 3149
2038 3150
2039 3151
2039 3152
2039 3153
2039 3154
2039 3155
2040 3156
2040 3157
2041 3158
2041 3159
2042 3160
2043 3161
2044 3162
2044 3163
2044 3164
2045 3165
2046 3166
2046 3167
2047 3168
2047 3169
2047 3170
0 3171
2047 3172
0 3173
0 3174
0 3175
0 3176
0 3177
0 3178
2048 3179
2048 3180
2048 3181
2049 3182
2050 3183
2051 3184
2052 3185
2053 3186
2054 3187
2055 3188
2056 3189
2057 3190
2058 3191
2059 3192
0 3193
0 3194
0 3195
0 3196
0 3197
0 3198
0 3199
0 3199
0 3200
2060 3201
2060 3202
2061 3203
2062 3204
2063 3205
2064 3206
2065 3207
2066 3208
2067 3209
2068 3210
2069 3211
2070 3212
2071 3213
2072 3214
2073 3215
2074 3216
2075 3217
2076 3218
2077 3219
2078 3220
2079 3221
2080 3222
2081 3223
2082 3224
2083 3225
2084 3226
2084 3227
2084 3228
2084 3229
2084 3230
2084 3231
2084 3232
2084 3233
2084 3234
2084 3235
2084 3236
2084 3237
2084 3238
2084 3239
2084 3240
2084 3241
2085 3242
2085 3243
2085 3244
2086 3245
2086 3246
0 3247
0 3248
0 3249
0 3250
0 3251
0 3252
0 3253
0 3254
0 3255
0 3256
0 3257
0 3258
0 3259
0 3260
0 3261
0 3262
0 3263
0 3264
0 3265
2087 3266
2087 3267
2088 3268
2088 3269
2088 3270
2089 3271
2090 3272
2090 3273
2090 3274
2091 3275
2091 3276
2092 3277
2092 3278
2093 3279
2094 3280
2094 3281
2095 3282
2096 3283
2096 3284
2096 3285
2096 3286
2097 3287
2097 3288
2098 3289
2099 3290
2100 3291
2101 3292
2102 3293
2102 3294
2102 3295
2102 3296
2103 3297
2104 3298
2104 3299
2105 3300
2106 3301
2107 3302
2108 3303
2109 3304
2110 3305
2111 3306
2112 3307
2113 3308
2114 3309
2114 3310
2114 3311
2115 3312
2116 3313
0 3314
2116 3315
2117 3316
0 3317
0 3318
2118 3319
2119 3320
2120 3321
2121 3322
2121 3323
2121 3324
2121 3325
2121 3326
2121 3327
2121 3328
2122 3329
2123 3330
2124 3331
2124 3332
2125 3333
2125 3334
2125 3335
2126 3336
2127 3337
2128 3338
2129 3339
2130 3340
2131 3341
2132 3342
2132 3343
2133 3344
2134 3345
2135 3345
2135 3346
2136 3347
2137 3348
2138 3349
2139 3350
2140 3351
2141 3352
2141 3353
2142 3354
2143 3355
2143 3356
2143 3357
2144 3358
2145 3359
2145 3360
2145 3361
2146 3362
2147 3363
2148 3364
2148 3365
2148 3366
2148 3367
2149 3368
2149 3369
2149 3370
2150 3371
2150 3372
2150 3373
2151 3374
2151 3375
2151 3376
2151 3377
2152 3378
2152 3379
2153 3380
2153 3381
2153 3382
2153 3383
0 3384
2153 3385
2153 3386
2153 3387
2153 3388
2153 3389
0 3390
2153 3391
2153 3392
2154 3393
2155 3394
2156 3395
2157 3396
2158 3397
2159 3398
2160 3399
2161 3400
2162 3401
2163 3402
2164 3403
2165 3404
2165 3405
2165 3406
2165 3407
2165 3408
2166 3409
2166 3410
2166 3411
2167 3412
2167 3413
2168 3414
2169 3415
2170 3416
2171 3417
2172 3418
2173 3419
2174 3420
2174 3421
2175 3422
2176 3423
2177 3424
2178 3425
2179 3426
2180 3427
2181 3428
2182 3429
2183 3430
2184 3431
2185 3432
2185 3433
2185 3434
2186 3435
2187 3435
2188 3435
2189 3436
2190 3437
2191 3438
2192 3439
2193 3440
2194 3440
2195 3441
2196 3442
2197 3443
2198 3444
2199 3444
2200 3445
